ACTIVE_PART_STACK__BODY_BACKGROUND_COLOR=0.0, 0.0, 0.5691489
ACTIVE_PART_STACK__BORDER_COLOR=123.870964, 0.0, 0.5159575, 0|123.870964, 0.0, 0.27659577, 100
ACTIVE_PART_STACK__BORDER_SHOW=true
ACTIVE_PART_STACK__CHEVRON_COLOR=0.0, 0.0, 0.7180851
ACTIVE_PART_STACK__CLOSE_BUTTON_COLOR=0.0, 0.0, 0.68235296
ACTIVE_PART_STACK__HEADER_BACKGROUND_COLOR=117.93104, 0.0, 0.6648936, 0|91.32744, 0.0, 0.38829786, 100
ACTIVE_PART_STACK__HOVER_FILL_COLOR=117.93104, 0.17534883, 0.76036143, 0|91.32744, 0.3416279, 0.76036143, 100
ACTIVE_PART_STACK__HOVER_TEXT_COLOR=0.0, 0.0, 1.0
ACTIVE_PART_STACK__HOVER_TEXT_SHADOW_POSITION=0, 0
ACTIVE_PART_STACK__SELECTED_BORDER_COLOR=123.870964, 0.25, 0.486275, 0|123.870964, 0.25, 0.486275, 100
ACTIVE_PART_STACK__SELECTED_BORDER_SHOW=true
ACTIVE_PART_STACK__SELECTED_FILL_COLOR=0.0, 0.0, 1.0, 0|0.0, 0.0, 1.0, 100
ACTIVE_PART_STACK__SELECTED_TEXT_COLOR=123.870964, 0.27659574, 0.36702126
ACTIVE_PART_STACK__UNSELECTED_TEXT_COLOR=0.0, 0.0, 1.0
ACTIVE_PART_STACK__UNSELECTED_TEXT_SHADOW_COLOR=123.870964, 0.276596, 0.367021
ACTIVE_PART_STACK__UNSELECTED_TEXT_SHADOW_POSITION=0, 0
INACTIVE_PART_STACK__BORDER_COLOR=77.14285, 0.15642457, 0.7019608, 0|77.14285, 0.156425, 0.701961, 100
INACTIVE_PART_STACK__BORDER_SHOW=true
INACTIVE_PART_STACK__CHEVRON_COLOR=124.99999, 0.2142857, 0.21960784
INACTIVE_PART_STACK__CLOSE_BUTTON_ACTIVE_COLOR=0.0, 0.87765956, 0.86702126
INACTIVE_PART_STACK__CLOSE_BUTTON_COLOR=0.0, 0.0, 0.68235296
INACTIVE_PART_STACK__CLOSE_BUTTON_HOVER_COLOR=0.0, 0.5106383, 0.69148934
INACTIVE_PART_STACK__HEADER_BACKGROUND_COLOR=78.0, 0.14634146, 0.8039216, 0|78.181816, 0.16836734, 0.76862746, 100
INACTIVE_PART_STACK__HOVER_BORDER_COLOR=24.532019, 0.0, 0.6117021, 0|24.532019, 0.0, 0.611702, 100
INACTIVE_PART_STACK__HOVER_FILL_COLOR=78.0, 0.14634146, 0.88431376, 0|78.181816, 0.16836734, 0.8454902, 100
INACTIVE_PART_STACK__SELECTED_BORDER_COLOR=77.14285, 0.15642457, 0.7019608, 0|77.14285, 0.156425, 0.701961, 100
INACTIVE_PART_STACK__SELECTED_BORDER_SHOW=true
INACTIVE_PART_STACK__SELECTED_TEXT_COLOR=123.870964, 0.27659574, 0.36702126
INACTIVE_PART_STACK__UNSELECTED_BORDER_COLOR=24.532019, 0.0, 0.6117021, 0|24.532019, 0.0, 0.611702, 100
INACTIVE_PART_STACK__UNSELECTED_TEXT_COLOR=123.870964, 0.21276596, 0.21808511
INACTIVE_PART_STACK__UNSELECTED_TEXT_SHADOW_COLOR=123.870964, 0.0, 1.0
LAYOUT__BORDER_RADIUS=5
LAYOUT__CONTENT_PADDING=2
LAYOUT__SHADOW_COLOR=76.0, 0.0, 0.6117021
MEMENTO__LAST_CHOOSED_PRESET=net.jeeeyul.eclipse.themes.preset.sts
WINDOW__BACKGROUND_COLOR=76.0, 0.0, 0.48404253
WINDOW__PERSPECTIVE_SWITCHER_FILL_COLOR=228.0, 0.0, 0.53723407, 0|77.14285, 0.0, 0.2606383, 100
WINDOW__PERSPECTIVE_SWITCHER_KEY_LINE_COLOR=120.0, 0.0, 0.48404253
WINDOW__STATUS_BAR_FILL_COLOR=76.0, 0.0, 0.38297874, 0|76.0, 0.0, 0.7340425, 100
WINDOW__TOOLBAR_FILL_COLOR=76.0, 0.0, 0.4893617, 0|76.666664, 0.0, 0.36170214, 100
eclipse.preferences.version=1
